100 50
-1 12 -13 27 -14 -14 2 18 -4 -2 -15 8 20 9 21 18 -10 -1 11 -11 3 13 12 11 -13 24 -2 -19 29 -4 -12 6 27 6 0 28 2 27 26 6 -11 -1 27 18 -5 26 -19 21 -9 -9 
29 24 25 15 6 11 18 -9 20 -20 17 -2 -14 4 -3 -20 24 18 16 17 13 23 -11 -12 2 18 0 -20 26 -4 15 -7 26 29 -10 6 -12 -2 18 9 25 24 -4 24 23 -9 7 3 15 20 
-15 -20 6 -12 27 -19 12 24 28 -19 29 24 22 -18 16 25 21 22 11 25 27 4 -20 0 23 -7 -15 4 23 0 -2 29 5 -2 19 -16 -19 -1 6 -14 24 23 2 10 13 10 16 -16 -1 13 
8 17 11 -9 20 7 23 11 -6 10 22 19 19 -18 14 17 -10 -15 29 -14 12 10 18 1 -2 -8 24 -2 -19 -6 4 -4 -16 -13 -19 -5 -1 21 25 28 -10 -3 5 -15 -4 -9 -16 11 24 -14 
23 11 -12 -4 -6 -20 15 -14 -15 4 1 -3 1 15 -12 -2 -5 15 0 27 -7 -2 -19 -6 -1 9 -8 8 28 22 -11 20 27 0 21 -10 4 20 2 -6 29 6 18 -6 -10 8 29 -2 -12 19 
21 7 -16 25 0 18 14 10 23 -18 3 -4 -18 -3 7 -13 27 15 4 -18 -9 3 4 -17 28 25 27 -7 15 -12 5 5 18 -19 21 23 12 9 4 -9 -3 19 12 22 0 29 14 8 24 2 
19 -17 -15 13 -6 -4 24 23 -17 4 -8 -17 -4 14 9 -19 13 -11 2 -11 5 -13 -18 21 17 -10 16 2 25 14 24 22 24 15 11 -6 22 18 15 2 -3 -3 26 -7 18 -12 6 19 24 -19 
15 12 3 -4 1 29 19 -20 15 0 -8 -6 5 19 -18 -6 -11 -5 -10 25 10 20 17 -12 11 -19 5 0 -6 3 21 23 18 19 6 -1 8 0 -14 5 6 9 24 29 -6 -11 15 3 12 10 
9 16 -18 27 3 0 9 11 8 19 -12 17 -4 -5 -4 -6 20 0 18 12 -17 17 2 4 10 18 13 12 -3 -3 7 -14 0 28 16 -15 6 -1 1 20 -20 21 -20 -1 -16 29 -4 -12 -17 -7 
27 6 12 -10 -6 17 -17 15 -5 -3 22 -16 -16 -2 16 11 21 3 29 24 1 1 26 2 29 23 24 11 16 0 21 12 -7 14 9 15 6 -20 -19 18 20 -5 -10 6 28 9 12 20 -15 6 
6 13 -13 25 15 24 24 10 11 21 9 29 -3 -11 9 -11 20 23 1 -17 21 -7 21 0 -1 -13 14 17 3 -5 -11 7 5 -10 -17 -1 1 17 7 -3 11 -14 9 -9 13 23 17 16 -8 -16 
14 -19 16 0 17 18 0 3 29 14 18 -7 12 -10 3 9 20 -10 -17 -18 17 -11 -19 20 22 -18 14 0 -3 -13 12 14 -16 24 7 -3 17 -2 -8 17 24 20 9 0 27 1 15 12 -16 21 
24 -17 10 -5 18 23 7 -11 -6 -1 -12 10 -15 16 10 -7 -11 5 17 10 21 -2 -12 3 0 18 -3 6 8 1 18 -14 17 20 25 3 -14 14 -4 -9 -5 -1 -16 16 -9 22 13 17 21 22 
-14 -10 -18 11 -11 19 -13 -15 -9 -7 2 21 -13 23 15 -19 20 21 -6 17 24 28 10 8 -15 -15 -1 -7 8 -8 -11 26 -8 1 19 -14 22 -12 26 4 16 13 -15 11 23 -6 5 22 -20 24 
-8 -18 -4 25 28 -19 6 -4 3 1 14 15 18 5 2 14 -10 29 23 -20 11 27 -4 -11 8 -1 -19 8 -20 -19 24 -20 17 11 -14 1 20 -2 22 -7 28 21 26 -7 25 4 -12 14 19 -1 
6 -12 23 -13 29 9 11 20 28 1 27 -4 -5 -17 16 0 -4 16 -5 -15 -5 8 19 0 28 29 -20 -8 6 3 10 -20 -4 8 -3 -17 -10 11 -6 -16 27 22 11 -16 -19 9 24 6 27 -17 
5 2 -8 -16 -10 29 0 -18 -18 8 3 -1 -16 -18 14 -14 -2 5 29 17 1 -20 -14 1 25 1 4 -4 28 5 -14 -11 -18 28 -20 4 19 -18 14 25 29 14 1 12 20 9 25 7 3 22 
1 19 -13 3 2 9 -20 2 -20 17 7 21 8 18 -12 23 12 20 2 1 5 15 16 2 11 -6 -5 -17 -11 11 5 -19 -20 0 18 -10 24 21 -12 -2 11 6 -8 -6 -5 11 -12 16 16 19 
16 21 29 2 13 -4 -7 17 27 -2 14 -8 7 -19 5 -20 -5 13 29 -11 25 -2 8 26 14 -19 -15 -10 -4 24 21 13 5 -20 17 -6 2 7 -10 26 -14 12 9 29 -14 5 23 -9 -3 27 
4 5 -2 -7 -14 29 -3 -17 -6 -9 6 -19 -10 19 -13 -20 18 -4 16 -7 12 -12 6 17 -13 24 7 -16 1 -12 -20 -7 26 13 -8 29 -19 -16 28 4 9 -11 -10 -7 -15 5 0 3 -8 -17 
8 -2 -19 23 8 -2 28 -1 15 21 -12 13 27 15 -19 21 -11 -20 1 12 18 1 -7 -14 0 24 14 0 -20 0 6 23 -2 -15 1 -18 0 2 -12 -4 8 24 -1 5 -1 19 19 -5 12 -10 
20 -5 10 24 -16 -5 26 15 16 -10 -17 24 7 -6 -11 12 -15 28 -4 7 14 20 -8 -13 -5 -16 -5 16 5 26 14 10 16 16 13 -20 10 -13 -8 -6 -16 6 -6 -20 -17 13 -11 13 -10 -8 
-11 5 0 -12 -15 -12 4 -20 3 -16 8 2 26 8 15 22 -11 9 11 5 18 -4 -18 -15 -9 -15 -2 6 29 2 -5 9 11 4 -14 16 24 -5 -7 0 17 9 0 3 11 29 -11 2 2 8 
16 10 -5 -3 -6 16 5 24 -17 20 29 -7 9 13 -19 0 -9 28 -7 12 -20 7 5 9 10 -15 -5 17 -17 23 15 -3 4 13 1 -1 7 10 21 25 16 17 13 28 26 23 -1 2 -4 15 
17 20 -13 -8 12 5 -15 -1 22 10 13 12 25 7 -10 -6 -15 19 17 -15 28 1 17 -6 -17 -8 -10 4 -9 4 0 -18 -9 -10 26 11 13 22 16 16 -4 -10 -1 8 -17 10 -15 -18 8 18 
-1 18 14 20 21 6 29 5 -14 17 3 -12 11 26 1 -13 14 6 1 -7 19 17 10 20 4 7 22 13 6 -1 -6 -20 -2 16 14 22 18 2 8 5 26 16 -7 4 -16 -15 8 26 4 15 
13 -6 15 15 -1 -8 -6 -17 -8 -8 -9 23 23 -13 12 1 7 6 28 2 21 -10 28 -10 2 -13 16 16 -11 9 1 19 -17 26 -15 -20 19 -4 18 -8 -13 13 -10 8 -11 -6 22 24 -16 29 
-11 18 -10 13 22 21 -7 27 -16 22 19 -4 13 17 -10 9 27 16 26 22 14 -11 26 13 -16 -11 12 2 1 -6 29 27 23 -1 17 4 -1 7 -12 18 -11 7 -9 5 -14 -10 4 -1 23 -3 
11 12 -14 8 -20 -17 -16 21 18 6 9 -16 -6 -19 -3 26 21 7 4 -1 20 -6 -19 4 11 8 1 2 25 1 -13 -16 2 -19 24 25 -2 2 9 15 16 15 14 8 1 -16 12 -9 -5 21 
-6 4 -16 -16 8 12 8 10 -16 -12 4 -5 -13 21 12 20 -9 9 -9 13 -3 14 9 28 0 -4 -18 18 -2 4 5 0 -4 27 -5 24 25 22 0 -17 9 15 26 -20 28 8 23 3 12 -13 
5 22 19 -14 24 -19 -15 1 27 0 -12 -13 -14 -5 19 -14 -3 -7 -8 28 -4 13 -9 2 -7 -20 13 11 -8 21 28 -2 -4 0 11 7 -8 -11 -9 -6 25 -9 -3 29 0 20 -13 -15 5 13 
14 22 -7 -13 -16 19 -16 23 -5 -5 12 6 -19 17 -1 11 5 -1 28 19 -8 16 26 9 9 11 -14 15 -19 22 20 -6 -20 22 23 2 17 -4 -4 19 28 12 15 -6 1 7 -14 12 3 -10 
-9 6 28 16 9 7 -5 6 -11 12 -13 -8 8 26 -14 1 -20 1 1 -17 9 -17 13 20 -5 -15 3 -7 16 -8 26 2 16 -18 4 -14 12 13 -17 27 -8 24 9 -8 24 -17 -20 27 0 -17 
6 7 8 -19 -13 1 29 -11 -2 11 25 -14 13 29 -6 8 5 16 -11 19 -10 -10 -7 -14 -8 2 15 10 -18 -5 -5 -2 21 28 12 14 0 -12 -20 21 -2 -7 -10 -2 3 7 -9 -9 26 3 
12 -13 28 20 -15 18 -18 -2 25 15 26 4 16 13 23 22 -11 -6 11 24 -17 -19 11 -13 -15 0 19 23 -6 7 21 17 14 -7 -14 -20 8 10 20 -3 -6 -16 9 21 20 -16 -20 18 7 29 
-19 29 21 3 -10 -8 19 28 -9 -1 19 14 10 11 8 7 17 16 5 13 13 25 26 5 9 2 26 3 18 26 -16 9 10 -1 -17 5 1 -15 -17 20 10 -9 -6 14 -2 16 -6 -20 2 29 
2 27 9 15 21 5 -10 -18 22 16 8 27 -9 9 -9 26 20 -2 6 -19 1 14 -20 29 -11 19 17 4 12 -15 -20 -18 21 -12 -9 -7 8 23 -20 -3 -2 18 -16 10 2 -8 16 4 22 -6 
-1 16 10 16 10 -2 26 18 -2 22 -9 21 8 16 11 -15 -13 17 0 -8 -12 9 18 23 17 15 -5 28 -2 -11 3 -19 1 11 13 8 2 -9 -17 -5 -17 18 16 13 -4 -19 8 25 8 15 
29 13 5 24 9 2 -8 12 -17 -15 1 -13 -11 -5 -5 -16 -19 25 14 -2 -16 -14 11 13 10 -5 0 -1 -19 25 18 10 3 1 9 -9 7 -12 21 18 17 17 17 2 21 5 0 28 11 29 
8 -11 -17 14 6 29 16 -11 12 -4 11 -3 -1 5 -5 5 1 -11 -7 -5 -5 -11 3 16 8 -3 -3 -3 -12 5 -8 -10 10 28 13 -20 -15 5 16 1 15 -2 28 27 19 21 -10 2 -2 -5 
19 -4 15 -11 -19 -12 2 6 3 -2 28 -18 20 19 -16 23 5 -19 4 21 -9 -15 -14 2 11 22 -10 -2 19 -13 -14 10 -14 -6 26 -18 4 -1 -14 -18 -14 -19 -11 18 15 8 1 20 20 15 
25 -2 -10 13 8 17 -11 22 27 20 3 -3 18 8 6 28 -19 -9 24 4 0 7 -7 6 15 9 16 -4 -16 -11 26 -19 -13 24 -11 1 17 12 -6 23 19 3 21 5 -9 1 17 15 4 24 
5 0 -20 16 -12 14 28 -1 11 -9 25 27 12 1 -2 -12 23 28 4 7 20 -10 13 10 22 -16 0 8 -5 28 -19 22 19 8 14 -8 7 -11 11 14 -9 14 -19 -19 14 20 -4 15 -15 19 
10 -19 -14 -7 -13 3 20 16 20 15 11 28 18 17 18 -6 -18 23 17 21 7 27 17 -11 7 3 7 -7 -9 9 19 19 17 11 -5 -13 3 -5 -7 0 -12 -8 19 27 9 -14 29 -17 -18 -17 
-20 -7 25 12 22 -8 -5 -20 23 12 -11 -7 -18 5 25 -1 16 -17 -8 -14 29 -14 -7 20 -18 -7 1 -19 -13 -8 16 -16 28 -9 1 17 12 -5 16 19 9 -5 21 2 0 -3 2 -20 15 8 
16 -1 -1 29 -9 29 17 7 1 -17 4 11 9 10 29 -2 0 -16 14 -8 1 1 -7 -16 25 2 26 18 7 -7 11 20 -4 -13 -11 3 -17 24 -18 20 28 7 -8 -9 12 5 11 -12 23 5 
-14 25 12 28 4 12 -20 -3 17 27 28 3 23 25 29 -19 19 -2 22 17 20 -19 -10 -2 -8 23 14 -18 3 -17 -2 -14 -2 8 11 9 6 20 10 -8 -18 15 12 3 -2 -12 -19 0 -9 14 
19 16 1 0 16 13 18 -10 -6 18 13 -8 -8 -2 -10 8 -11 7 -2 26 -7 26 -14 11 0 8 13 7 10 -7 -2 -3 -10 7 23 11 11 10 11 14 -18 19 -12 10 -16 -7 22 20 3 16 
-8 2 -19 20 9 -8 -6 -17 29 21 14 -16 -16 15 -8 24 -14 5 9 -16 23 23 -9 25 6 19 10 9 -3 13 29 29 -16 17 -8 -5 27 0 20 -9 0 20 16 9 20 27 12 -1 -6 18 
-16 7 -2 23 23 19 -5 -16 3 -11 17 14 -1 -3 19 11 19 -11 -17 -11 16 2 28 28 6 15 -7 8 -11 8 -17 -16 23 0 -2 27 27 7 25 -3 6 -18 -9 -16 16 -20 -19 -8 -14 27 
-12 3 12 -9 14 17 20 -3 -10 8 -17 14 4 -2 24 -8 17 -13 9 -9 -9 -6 1 23 -2 -17 -8 24 11 -15 25 -9 -15 14 1 -10 -20 -7 -14 -8 21 7 -6 -12 7 4 -12 -8 9 6 
26 -20 16 17 13 -6 -10 -6 18 10 4 -11 -9 12 -5 -3 11 29 -1 -3 -16 -2 29 13 -10 2 -18 -14 15 21 27 22 13 8 13 27 13 -14 22 14 -19 26 25 -20 23 15 -2 4 23 -5 
18 9 22 2 26 -11 -17 -18 0 9 15 -2 -13 -20 -17 17 9 -8 -14 25 15 28 17 27 -20 -10 -7 17 19 8 14 15 11 -12 15 -1 -16 26 -16 -1 -18 -12 10 -18 26 18 -17 24 28 -20 
16 17 -19 -13 -1 7 10 -2 28 -3 -5 26 3 -5 -20 -3 -2 1 7 29 -9 17 -4 9 -10 10 20 20 17 3 4 -6 15 4 -2 6 -7 9 3 -11 17 -7 28 16 23 -16 -6 -15 -12 -17 
-19 22 -18 -6 -14 -11 27 25 16 2 7 -14 22 2 8 29 -2 -4 1 16 -2 11 14 6 -1 3 13 -15 -6 -8 19 9 10 4 18 -8 23 -16 17 -20 -8 19 -14 5 28 19 22 -2 7 -11 
19 6 28 21 25 9 27 -15 -14 -11 7 -18 16 20 27 10 -2 29 20 -8 -17 -7 -15 27 -5 -10 13 -5 -9 10 -20 11 17 29 -7 -15 14 14 16 12 3 -14 -20 7 15 8 23 24 14 7 
-10 12 25 16 -13 -12 1 28 12 -13 11 2 14 -9 5 28 -8 -17 16 -14 22 -12 10 9 22 -19 23 27 -6 16 -18 -10 28 -19 4 -10 -5 8 1 25 23 7 0 23 -20 -19 20 27 -14 -4 
27 6 8 4 29 -18 14 17 8 23 17 -20 24 26 28 -19 -11 11 16 22 -19 -6 25 17 -8 2 -12 -8 28 12 -19 18 -20 -12 -4 9 -9 -8 4 -5 -14 -10 20 10 10 -3 2 -11 -8 1 
-19 17 -3 8 11 27 -12 -8 -18 4 -18 -2 -4 -14 6 -8 6 29 26 -18 18 1 -3 -1 -1 -5 -19 5 -9 10 23 28 14 -11 11 -11 24 -6 -3 5 16 10 -9 20 5 -8 14 -9 -2 11 
9 14 2 -3 19 -18 -13 -9 -1 14 9 27 29 10 4 -10 9 9 -12 -5 5 -9 -17 4 22 3 29 23 -1 27 4 -4 16 0 23 23 23 1 -17 -11 -19 22 15 -3 27 10 -17 8 -6 25 
26 -6 20 11 8 -19 26 12 -16 2 -18 29 21 7 18 -17 23 -10 7 25 12 9 4 16 -16 5 28 27 22 -5 13 -12 -11 14 28 14 6 -15 17 -1 -8 5 18 19 -6 0 2 6 -19 -13 
25 -9 -17 29 6 -5 29 20 16 24 -5 -10 17 -8 29 -16 -10 6 17 -5 -19 -14 15 13 12 -12 -18 10 -3 7 3 -18 -4 1 5 28 -20 27 26 26 3 -14 2 -14 18 -4 29 11 12 -12 
24 3 -16 -3 -17 1 18 16 7 -2 10 -11 -13 -1 7 26 9 14 26 7 2 -3 -19 5 21 8 -5 -19 1 28 6 17 -7 16 21 19 -14 -14 -13 -4 29 28 -9 -17 -3 18 9 -20 26 16 
19 -7 -15 -18 13 -3 -7 3 9 7 28 -16 -8 9 28 0 6 -10 2 -11 7 -12 15 6 -8 6 25 -6 -17 -7 16 22 -1 1 23 7 -4 -4 11 -13 27 8 26 -15 -10 -9 3 -18 14 19 
-10 28 14 28 13 17 25 17 6 -17 -2 18 28 11 -19 -7 14 12 -7 24 -16 13 10 -14 4 11 -14 -18 14 28 21 25 11 -14 3 -9 -1 -4 -20 16 3 19 9 28 20 -8 3 11 6 29 
8 14 -6 -19 29 13 8 7 -15 26 8 0 26 8 18 25 -5 -13 9 2 -4 -17 -11 -2 -4 -14 9 -9 1 -2 11 11 21 3 25 -18 11 29 -1 9 17 11 28 26 25 15 -15 6 0 7 
1 -12 12 -11 7 -10 -18 9 -17 19 8 -2 12 4 0 13 -11 7 25 22 21 16 -20 -12 -17 -13 -12 14 10 -11 19 28 25 -8 24 -4 10 15 21 28 11 -13 -12 -7 5 20 15 -16 -15 -6 
-14 -14 7 -17 -11 2 14 -19 13 1 -20 -1 6 0 -8 2 -17 19 22 -11 21 -12 -13 14 -14 -11 10 27 -14 29 -1 -16 25 0 -1 -19 20 21 19 3 -11 -17 -3 17 -11 -7 -9 -11 13 21 
4 -7 11 6 5 24 26 -19 -11 -2 -15 -8 3 26 -12 25 16 14 26 -18 -3 22 23 -1 26 8 18 8 -7 7 15 2 -5 24 16 2 3 -18 -17 -10 -5 -14 8 -2 5 4 16 -13 29 -9 
20 13 20 -15 26 -11 10 -9 -10 9 1 29 15 -8 -19 -16 -15 -16 0 -2 13 -12 -3 24 7 2 7 18 -4 14 25 -11 -10 29 17 12 15 -6 -16 9 5 4 17 -7 13 -7 -18 -9 17 -11 
21 -20 16 -10 18 12 29 28 15 11 25 -4 18 25 -11 6 -6 14 25 -6 28 4 9 29 13 25 22 19 23 8 2 -9 2 -12 29 23 -5 3 6 28 24 22 1 24 -20 8 0 -11 8 10 
27 8 -9 10 -13 6 26 -3 -4 21 -11 3 8 -20 -3 8 -19 17 -7 -20 12 -17 20 -7 18 21 -18 18 24 22 18 -1 23 29 9 8 24 23 14 22 -5 -2 -13 -20 14 28 8 10 -20 -5 
19 -20 4 20 8 15 -13 -8 -19 9 19 -3 10 27 8 -3 29 -2 11 3 5 -12 2 -8 4 -1 4 15 17 -15 29 -17 16 3 -19 -12 -5 -9 -8 -11 -20 -5 24 -2 12 -1 -18 2 24 -15 
22 -3 -8 26 12 -10 22 15 4 -7 4 27 24 23 -20 1 20 -19 24 24 3 -13 -5 -10 -11 6 -12 1 -19 24 4 5 -13 25 -3 -17 -19 28 -12 -8 24 -8 -15 22 7 9 -8 12 -7 -17 
28 -12 15 29 12 8 -17 18 14 3 19 -6 0 25 19 -3 9 7 21 -10 8 0 22 18 27 -7 16 -10 0 -6 7 23 -18 -6 -3 -12 -9 -3 22 -18 -7 14 24 14 1 20 17 -18 8 -13 
20 -9 -7 28 8 5 25 3 5 28 -7 15 1 -8 20 13 -13 26 22 -17 4 9 20 -20 24 -5 -11 13 17 5 26 2 26 -4 28 27 -2 -7 5 27 -8 28 21 -1 -16 -9 0 4 20 27 
24 11 -8 -11 10 15 10 26 -7 -19 5 0 -5 29 2 6 9 -18 2 26 23 -7 -6 -15 16 -8 8 27 7 3 5 -20 1 -5 -20 27 5 -9 17 -2 28 12 3 18 5 21 13 28 -18 15 
-6 20 -16 11 14 21 10 -6 9 14 18 0 10 13 -19 -19 1 20 -15 27 -10 6 20 26 9 2 25 -12 -14 -3 1 10 14 0 19 -18 -17 7 -14 17 19 -7 9 8 17 26 -17 4 -3 13 
-6 26 8 28 18 17 22 -14 -15 -9 26 11 6 -3 18 -10 8 -7 -9 12 12 -12 29 -2 12 14 21 7 10 23 -2 22 26 -2 -18 -11 -9 14 26 24 10 19 5 5 15 -8 28 -13 23 -3 
-16 2 9 -20 -4 2 -6 5 7 -5 26 -2 7 3 9 -10 0 -12 -9 -13 24 13 2 -4 -2 22 -17 11 19 -6 11 -11 9 19 -13 13 -3 -9 -7 -5 8 -3 5 -2 16 -1 20 -8 -12 7 
5 9 -14 20 10 0 8 8 -19 25 -10 -20 7 15 -11 5 -8 12 17 -17 1 15 -2 3 -19 -6 9 -18 -16 -8 -11 21 -16 7 -16 -5 5 15 21 28 6 17 -11 8 16 13 -18 1 4 24 
15 -11 28 -12 20 15 6 -11 28 -9 -20 -3 9 -9 3 -5 -15 11 -5 6 -1 29 6 -16 -3 0 -15 -12 10 5 21 -13 -13 9 12 17 24 22 12 23 1 -8 10 14 20 9 27 -3 0 -8 
6 -7 2 17 -10 29 -5 28 16 13 11 -6 -13 -19 -17 16 -11 -3 19 23 -20 7 29 21 27 29 -17 -4 -13 -5 -2 -4 -4 -17 4 18 7 18 -20 -4 -17 -10 25 10 2 -3 5 -14 -19 23 
16 -6 -19 10 25 18 16 -7 2 27 -7 24 14 -6 24 -20 4 -5 22 22 14 13 -8 9 21 -1 7 -10 18 -14 15 27 18 -11 28 11 -12 -4 -12 -1 27 -19 -4 9 -18 -19 -3 18 -12 14 
-17 25 29 -18 -19 10 16 -13 5 3 13 -11 26 21 1 17 -17 21 27 -4 18 -20 4 22 8 3 -20 -1 21 -13 23 -7 -19 -3 5 -1 -9 4 -20 11 -5 -17 -13 25 2 12 28 21 27 -3 
10 26 24 -10 26 18 17 -20 12 -1 16 23 26 0 5 14 21 27 3 4 -6 -16 -10 -17 6 -11 7 -11 -11 -3 -15 -9 24 24 -13 22 5 0 -14 -19 -4 26 11 3 -16 10 25 -6 -17 7 
2 28 18 20 5 3 5 0 3 -13 -16 -2 -14 12 20 -18 2 -5 -15 19 15 25 10 3 16 1 -17 14 20 -19 8 29 1 -10 -6 21 12 12 16 23 -6 11 13 15 0 -7 -4 -8 29 -9 
7 9 8 18 6 13 20 21 5 -3 17 3 -2 -1 24 26 -1 26 -8 19 18 18 0 3 -13 3 10 21 -4 -16 24 -2 -5 23 -15 -9 6 -7 -17 -1 1 -15 19 27 9 22 29 -18 21 -17 
8 -1 -11 7 3 19 23 11 27 4 11 -3 -18 23 -16 -16 -6 25 27 4 -12 -1 -18 -12 -10 -20 10 -5 16 5 28 -9 16 -14 8 18 -5 18 15 27 -15 13 11 29 -14 17 6 -8 25 -11 
28 -16 28 27 -10 23 -8 9 14 -8 6 -3 27 7 9 -10 23 27 -11 11 18 29 -19 3 18 -4 23 16 -13 -16 26 -3 18 -2 1 -7 10 -18 -2 17 13 23 17 -13 0 26 27 17 4 -17 
6 27 28 28 16 0 -8 26 18 23 22 26 -1 -3 15 -5 3 -5 4 28 -6 0 5 -6 20 10 23 29 -11 22 9 -9 29 -3 25 19 -12 -16 6 26 -14 -18 22 2 -19 29 -14 9 -13 -6 
21 -5 10 6 14 9 -5 14 15 19 -11 13 28 -3 -10 26 23 13 23 15 -12 19 1 5 -2 -11 -15 24 26 -3 9 -2 4 7 -6 -13 -4 16 -14 7 -12 21 4 18 16 24 23 -14 17 6 
-7 15 -3 9 -16 -11 17 -5 22 -17 -7 -3 -9 25 7 20 8 12 10 -14 14 -3 -4 -10 -9 14 5 23 25 -10 3 12 -7 23 -20 20 -16 -8 -11 -9 17 27 10 -1 24 4 21 21 -18 8 
27 -8 27 -14 -16 -13 18 20 -1 28 5 21 -13 8 -13 9 24 -18 25 9 -20 29 -10 -12 7 -13 15 -5 -14 -14 -19 -18 22 -3 -12 1 12 10 21 -4 -12 1 24 10 -16 -15 17 15 25 -16 
29 -15 -2 15 -11 -20 -15 -11 -10 25 13 20 -9 17 0 14 16 7 -11 11 19 26 20 7 29 12 -1 16 24 22 12 -7 5 -19 14 23 -2 22 -12 -9 -20 1 27 -12 -2 -7 21 12 -12 -7 
-8 -19 -8 2 -15 -6 15 -15 -14 29 -19 26 -17 -16 -13 -17 -13 6 23 28 -11 26 -19 14 -12 -3 -18 28 -18 -13 0 10 -11 3 8 10 22 12 21 -4 1 -18 21 16 25 10 -7 -18 2 21 
-11 8 0 -18 2 28 6 8 20 -15 28 23 12 4 -1 -1 -13 17 10 26 -20 -17 -14 2 12 4 18 27 6 -9 25 29 18 -8 19 -19 -15 22 1 21 22 7 -6 -15 -11 -13 4 12 -15 -8 
5 -14 -1 16 3 20 4 -6 11 17 27 1 -9 24 -19 5 -7 -5 -8 1 29 28 2 13 -16 18 29 -14 -10 23 4 25 28 -14 -19 7 -8 25 -11 7 9 11 25 16 -4 26 22 4 1 -19 
-13 -10 -15 -20 -5 21 -19 -16 -19 18 -20 3 -3 25 5 -8 -6 10 -14 21 -9 -18 17 5 0 16 -10 6 0 -9 20 10 22 -1 6 19 27 18 2 8 -3 21 -2 -14 0 21 21 1 7 -6 
16 29 26 -18 0 0 5 25 18 -19 24 6 14 0 5 0 0 10 0 -1 27 27 3 -16 -10 -18 -1 14 -4 29 11 13 19 24 -11 16 3 14 -14 24 0 -3 -3 -8 -8 15 7 27 -4 10 
50 60
23 -10 -8 7 -18 26 0 18 2 -6 -8 1 -7 26 -15 7 2 16 4 4 0 21 10 -16 26 27 25 -16 8 12 -18 20 -7 -15 -18 -20 -12 26 -19 -15 23 -2 7 26 20 -2 -14 -5 26 -11 -7 22 27 10 -20 -5 18 9 8 19 
9 -2 -7 -15 11 7 6 -19 -10 23 5 5 18 29 -7 -2 -14 2 27 0 10 -17 -7 -20 -20 11 18 15 9 -12 -14 1 13 -3 -2 -13 -12 -5 -11 -20 5 -13 -17 -20 2 -11 24 24 19 2 -2 22 -10 -2 -10 3 19 16 26 19 
8 24 18 -11 10 26 5 7 -7 4 -8 24 -11 3 10 -18 5 9 -12 -3 2 19 23 17 5 -14 -16 5 -4 -3 22 -10 2 11 1 8 8 -10 -3 20 -12 -19 4 2 12 -17 16 -15 -13 10 12 -13 1 12 -8 -1 -6 19 10 8 
-8 -8 3 -4 -1 12 -4 -14 -8 3 22 -2 15 -8 15 -19 19 -16 -3 -8 25 -1 -2 -4 9 21 3 0 7 17 8 7 16 16 -1 23 -15 26 2 13 29 8 -5 15 10 -12 1 5 -1 8 11 19 12 -6 4 24 -16 -14 27 -4 
28 4 2 -8 13 0 -9 10 1 -12 13 28 19 24 8 -16 -10 11 0 6 -18 28 -3 8 22 27 -19 29 13 24 15 28 -5 -15 -3 -3 11 -14 -2 -18 21 -18 -17 -9 -10 25 23 20 -7 -1 -14 -7 -11 2 18 22 22 14 28 -4 
-1 -12 -2 -18 12 19 26 10 0 -4 -15 -6 -18 -16 14 2 5 23 -8 18 16 4 8 -1 11 15 -20 -6 -3 -3 4 12 23 25 13 22 7 -20 13 10 -20 12 7 -15 15 24 3 21 23 -1 16 5 27 -15 -18 -11 8 -15 23 22 
23 21 -14 0 -18 -12 -18 -5 -7 23 -9 -10 -12 11 24 -13 -10 9 4 13 8 -9 -8 21 -20 16 -7 -7 29 -18 7 23 26 23 -14 22 2 5 15 27 9 29 -10 -9 29 20 -6 -15 11 -2 -2 23 -18 -4 -7 8 28 18 2 19 
9 12 -11 16 -15 -6 -4 9 -2 7 10 21 27 -16 -3 21 9 2 28 12 -15 23 25 22 16 18 4 25 2 -19 7 12 -2 26 -18 29 11 2 -10 20 -9 18 -18 20 8 22 -14 -20 1 23 18 -2 26 -3 -15 16 17 -3 18 15 
-18 15 18 28 4 19 -3 -15 -9 26 -15 0 -7 23 1 12 16 -15 -14 18 5 2 5 -17 11 -8 28 -18 2 7 10 -2 -18 -9 -16 27 6 -17 20 2 -19 0 -9 -18 16 23 21 6 -19 24 26 12 8 6 13 -10 22 -2 -9 28 
12 13 -17 -2 24 -16 20 14 -2 7 23 9 -1 5 -3 -7 2 11 -16 19 12 4 27 -14 -13 2 4 0 -3 10 -10 15 15 -16 13 28 16 19 10 -16 12 6 -14 29 3 -5 3 -18 12 11 26 -5 -4 -2 -17 -19 29 15 6 1 
2 -2 -19 -20 -1 17 15 24 -2 29 -19 13 -3 -20 23 14 -9 19 19 15 -18 -15 4 -17 -12 11 -13 -13 -19 -13 -3 5 6 16 6 21 10 1 0 -11 24 -9 -19 18 -4 3 2 13 12 26 -10 19 -2 4 -4 9 13 -16 -3 10 
5 -5 12 -2 -17 16 -12 18 9 6 11 -4 -19 12 -14 12 28 5 16 -13 23 -7 -8 15 6 17 -18 25 17 -3 5 1 -4 -5 15 6 5 28 27 22 19 27 11 27 19 -1 -13 4 -18 22 24 -4 -5 9 8 25 -20 19 27 7 
21 -11 0 -3 9 -19 -6 23 27 -5 15 21 8 12 -12 -15 0 16 5 29 -6 28 16 -15 -5 -3 -19 -7 18 -3 -7 -18 -10 15 28 -18 -4 -2 -6 16 -2 18 -13 -3 4 -6 7 -2 -12 13 -11 -1 -8 23 -17 1 -16 19 -11 22 
-10 -9 21 28 -16 -4 13 -10 5 -5 16 15 17 24 12 -8 17 13 27 -17 3 9 -6 4 20 17 28 5 5 -6 -18 16 22 -11 3 23 -4 25 2 8 22 -6 -15 -9 -7 4 25 7 21 11 11 26 29 -20 -1 -1 23 16 18 -18 
15 18 26 9 -19 -1 1 5 28 3 -7 24 25 1 9 29 12 13 23 25 9 -6 20 9 -15 5 23 4 26 22 3 -18 16 11 -13 28 -5 0 -11 5 5 -6 -13 17 0 4 19 -8 9 -2 12 -17 3 3 -3 -14 -17 28 -19 -10 
10 11 -3 -8 17 5 -17 16 -6 6 -8 -1 4 20 -18 -3 5 -2 -7 7 -8 -7 27 7 -7 10 27 28 23 13 -14 5 26 5 10 22 17 4 1 -3 28 19 18 7 15 27 6 29 17 28 0 18 23 16 -17 2 -1 18 28 5 
16 -8 -1 -13 -5 15 1 -7 16 11 28 5 25 25 -14 13 -3 18 0 -11 -20 2 4 13 -3 -5 2 -5 -5 18 17 11 -10 28 2 13 0 -18 18 -1 14 29 -17 18 -13 -3 -18 6 -11 -4 9 -18 -7 -4 21 27 -3 -6 18 -18 
12 -5 -2 -19 -16 0 23 23 9 -15 -11 6 -18 26 20 -15 6 9 -17 3 8 14 28 -18 -4 0 -3 3 10 4 23 17 8 17 -14 10 -2 12 -17 -12 -3 10 -2 26 4 13 5 -1 28 -10 10 20 22 14 20 -17 18 15 -2 3 
24 -17 -15 -7 28 -2 16 -4 -8 -16 -7 16 -14 14 28 -11 -9 28 -11 27 -5 8 -16 26 11 -10 -10 8 -8 21 4 5 -5 27 -12 2 7 8 -9 2 -9 14 0 19 -15 24 9 2 9 23 -8 -20 3 -16 -7 -17 21 -11 29 -7 
18 3 7 -4 11 17 23 -9 -18 -18 -5 -10 -10 18 -9 -15 -16 14 -13 -5 -18 0 -20 -14 7 10 -8 -6 -4 17 15 6 21 29 11 -10 23 -19 22 21 -17 15 -7 28 -2 2 29 -2 -19 10 23 14 -7 -12 23 15 4 24 -17 8 
22 -14 -2 -17 13 -7 -9 -2 -6 -2 26 -8 3 -14 27 21 10 -4 -7 21 -10 -2 7 -20 -13 20 1 -15 6 24 11 -18 5 -13 13 13 20 27 1 20 -3 17 11 6 4 8 -5 29 12 9 -8 9 -11 24 -17 0 13 12 29 -3 
2 8 -9 -1 23 3 -8 28 -6 24 -19 24 19 4 21 -3 6 10 9 25 27 18 9 -10 -20 -5 8 15 -2 5 21 22 16 29 -5 7 10 -19 4 18 9 28 27 29 -4 -14 -20 23 -11 24 2 26 20 13 4 -20 6 -15 6 -6 
7 20 25 -17 23 0 28 -5 13 -16 -19 3 17 24 -6 5 -16 7 -20 -18 -9 14 1 12 16 3 -12 25 -1 -3 29 20 -5 -19 -3 -16 23 15 22 -17 -1 -3 15 20 14 23 -7 14 21 2 18 -6 8 10 15 10 -6 11 -9 9 
-14 -4 -14 -3 -14 25 -2 14 -9 20 15 -20 -4 -19 -20 -17 -4 28 -11 4 -13 -3 13 -6 15 6 22 -12 8 27 11 -19 -11 7 22 25 -18 9 24 -3 28 10 4 -10 8 25 28 3 -2 -20 10 14 18 -20 10 26 20 -10 8 16 
-3 -6 10 2 29 -14 -8 -5 -13 6 -6 -2 2 -3 24 -19 -20 -5 -11 0 14 27 21 -5 -6 -9 11 -3 -16 -20 19 18 7 -13 28 6 23 11 27 3 7 24 14 -14 -3 28 4 7 -6 -12 23 4 -15 7 28 15 23 5 12 12 
-9 3 -10 13 17 27 -14 5 16 1 -1 -19 20 -8 19 22 16 4 -2 -19 -17 12 -16 27 5 17 11 16 -13 26 25 14 -15 -20 21 -12 12 7 29 22 -10 -19 -2 23 15 11 2 4 -12 25 -1 4 -3 20 -7 -3 21 10 -15 -6 
16 16 10 28 25 3 6 -19 -6 -9 29 -3 -19 -1 13 7 14 26 -9 -20 26 -19 10 -10 1 22 19 -4 -3 5 17 -3 25 -7 13 -8 -4 1 23 11 8 -8 20 14 18 25 25 12 24 16 7 24 -2 -8 22 8 -3 22 6 -15 
-20 21 8 9 -3 7 -19 -18 9 12 3 -19 -7 7 27 20 -4 23 2 29 -20 12 10 0 6 -15 15 27 18 15 -5 -17 20 26 13 13 -8 -7 18 18 27 7 25 13 13 2 -12 -11 21 28 -7 17 25 2 7 -10 -18 28 5 21 
-10 -19 -13 2 28 27 11 17 -15 13 2 -7 -10 0 23 -18 -10 19 13 6 23 0 -11 20 -7 0 16 3 18 13 -15 25 -3 -16 16 17 27 26 -18 29 -3 25 4 -15 -14 -9 -13 -14 25 -6 14 -20 18 11 17 2 -19 7 11 -11 
-6 -20 -12 15 16 -14 7 -16 26 -16 -5 27 21 -16 -1 -4 3 22 0 -12 -14 -4 -7 -19 -12 -15 20 -6 -8 1 12 10 26 8 29 22 29 17 7 19 -15 -11 -18 -1 1 20 -8 -10 -6 16 17 -3 -5 -11 11 -9 19 -1 2 -3 
-19 28 -2 4 -14 -7 22 17 -19 1 -1 24 16 -12 -9 22 -14 23 -18 27 23 15 -3 24 23 27 -14 20 -3 -20 -1 -19 0 -1 3 24 9 29 -4 -12 9 -3 6 22 16 28 20 13 -18 16 4 23 -5 -6 11 -14 -5 -1 24 10 
-1 -2 -19 27 22 19 -5 -18 29 1 23 -7 9 5 29 27 27 24 16 26 -7 0 4 1 26 12 -8 -8 -16 5 25 16 16 1 -20 -6 -2 22 29 -18 6 18 -6 18 10 6 26 29 -6 -18 -2 1 -6 -3 -11 15 -5 -17 10 8 
1 5 7 -15 -13 26 13 26 13 -2 -3 -4 4 -18 -1 3 10 16 -11 -8 10 -17 25 11 8 19 13 -19 14 11 19 0 -13 29 -3 -2 -8 -6 -5 -19 -15 -11 19 25 29 23 4 23 8 -10 -3 -1 28 13 -4 15 14 21 -10 23 
-4 15 -14 22 -1 5 -5 15 -10 7 18 29 14 -10 21 12 14 -11 -18 -1 -14 10 6 9 29 6 18 15 2 -13 -2 -6 -10 18 -12 18 -12 9 26 6 -4 -13 -2 27 -11 2 -16 21 -9 1 -17 29 -14 0 2 4 -1 12 -18 0 
-6 -12 -17 18 -1 5 12 5 -14 11 25 -9 13 -18 16 1 -9 4 24 26 -5 22 -19 14 -9 -6 -12 25 23 20 -14 -7 -18 25 -9 21 22 28 -9 -10 19 -6 25 -2 26 19 -10 -5 -18 0 -10 -6 -14 -7 23 -16 26 3 14 12 
11 0 14 2 -5 -11 13 2 0 28 0 -2 21 -20 -2 -13 4 1 -4 -15 21 -1 -13 -7 -5 7 -12 20 26 -8 -3 27 6 8 -7 12 25 -12 27 -20 16 24 -6 -1 1 22 18 -5 27 -17 -6 9 21 -1 2 15 -15 -12 20 -10 
29 -6 0 -11 18 24 -5 7 -19 5 8 25 -10 -6 22 26 -13 4 4 12 -18 26 -9 -3 1 -6 13 -8 -7 19 -7 26 20 13 -18 2 15 16 -1 21 -13 20 -9 1 22 12 27 20 4 -9 15 -1 -12 12 -7 15 9 3 -18 -13 
14 -20 -16 -8 -16 -12 13 11 8 24 -20 3 4 -16 4 15 16 -11 -18 15 19 22 -12 3 -4 -11 13 18 29 10 16 -13 1 2 3 -16 -16 -12 -2 -11 4 -13 -7 -6 26 24 20 29 29 4 23 5 28 -13 -8 2 -9 21 18 2 
22 -7 25 23 26 1 4 -7 11 -13 14 12 13 14 24 -12 -8 9 21 4 5 -9 5 15 -10 -12 -3 23 -20 4 15 -8 19 24 5 -11 0 15 3 -4 -2 -4 19 22 4 -2 25 0 -18 -6 13 -3 -5 -2 2 -18 -19 -7 28 -14 
14 -8 12 25 -9 21 -11 4 -3 -19 -11 24 -17 -15 -15 0 13 12 -17 -18 -1 -16 -16 -12 15 -1 -2 -5 16 6 -8 28 11 9 12 5 19 -14 -9 15 7 22 13 -19 7 10 14 26 23 22 8 -16 -7 -17 -16 11 0 23 17 10 
-7 27 24 -11 22 -5 -19 14 -13 1 -5 5 -4 13 28 0 26 23 24 2 -8 12 -12 9 27 28 -11 -7 7 26 -20 4 -5 13 -9 -17 -6 25 4 -2 -3 14 7 -13 23 -12 6 -10 -17 21 18 1 4 -8 -20 27 3 14 11 -20 
16 7 11 4 2 -10 2 22 -3 29 -3 -20 -5 14 -2 -7 25 2 14 -7 14 24 4 -10 23 11 27 -7 10 -4 25 -17 -6 -16 14 1 0 -11 24 -12 6 19 6 9 25 25 -20 14 1 27 -4 7 4 20 4 29 0 22 24 -16 
-9 18 -19 -13 -16 13 -13 -10 -2 9 23 -1 11 20 26 -15 16 5 29 28 -4 29 7 7 -13 17 -15 8 0 -2 24 -20 -10 -5 -18 -14 22 -18 -15 25 -4 -6 -11 -5 0 27 12 -13 -11 22 7 16 9 10 -8 -6 28 9 -9 24 
-11 -19 29 -4 16 -6 -2 -2 -7 -20 -13 -18 11 -4 -1 5 -11 -20 -8 17 29 -14 6 18 -3 -1 9 -6 0 18 8 10 7 -8 11 -5 26 15 -10 15 -14 29 -17 -18 5 17 9 0 1 -15 29 4 2 -2 -8 23 8 12 29 15 
2 3 29 27 12 24 1 -3 25 19 -4 4 0 2 -11 -10 -14 -15 22 -2 2 9 12 -4 -18 25 16 -8 12 -4 13 -5 5 11 23 -11 -7 -16 14 10 7 21 11 -6 23 -1 25 -4 26 14 -3 -1 -5 6 18 23 28 4 12 -14 
4 5 -10 -3 -2 6 -17 9 -14 -16 -3 -12 -5 -11 -16 -8 25 -5 -20 28 16 -3 -1 -16 22 -12 16 -7 -4 -7 22 23 -6 -10 16 0 23 20 -8 24 6 -19 -15 13 -5 3 9 -2 -10 -13 27 -3 20 -6 -1 11 24 28 22 -9 
-4 5 -15 -15 14 6 -14 24 20 25 20 15 2 -9 9 23 21 -8 -9 12 6 -3 -17 10 -12 -11 17 -18 -18 22 -16 19 15 25 -3 10 -14 -17 25 10 25 6 16 -5 18 16 -3 16 24 7 22 10 27 -9 -5 -1 -10 20 6 3 
-6 11 1 26 3 -3 23 -12 22 5 22 -1 4 21 -15 24 17 8 2 3 23 -3 9 12 17 10 -16 19 -5 29 6 22 15 29 24 -4 -17 18 -11 11 -9 8 -12 -17 -7 8 -14 -10 -14 -4 28 -16 -4 26 28 13 -9 10 26 -7 
-5 21 11 20 -2 -15 3 23 11 6 0 10 27 -19 9 11 10 2 29 0 -3 -2 -15 3 1 16 21 -9 -9 -16 1 -15 0 12 -13 3 5 19 11 17 5 14 16 -5 -12 1 -5 2 -14 21 9 0 2 -17 10 23 28 17 18 -13 
16 -7 -17 27 28 -12 28 -17 -12 -20 29 -4 0 -8 22 22 -13 -14 -6 -4 4 24 5 -7 8 -4 -12 -7 -11 8 18 29 -8 -6 -6 26 5 19 -1 12 7 -19 28 24 -10 26 6 15 19 28 27 6 17 27 -5 -7 18 4 10 -11 
100 60
1489 -1562 -123 1081 -314 1500 10 1106 1360 726 1149 -312 3626 137 298 -890 3339 286 1374 1565 4082 -72 1042 2306 -95 1614 2181 3575 3826 2397 2712 1577 149 783 732 -286 1722 3017 -1797 2023 -68 1543 -1702 1902 1365 2466 1937 931 1218 -636 2460 47 3641 1883 -1447 1324 -600 2063 3070 231 
2101 314 2059 840 2499 4195 2167 2720 -1286 1996 -967 1867 1035 1975 4598 -249 978 1660 927 -465 3128 1032 -484 1368 1832 4519 1908 -1872 116 1672 3307 3075 -46 3419 -703 1101 612 812 1312 1809 -783 2445 1071 2599 1999 1578 1000 3038 1047 2899 2069 3184 1420 1544 903 2893 3449 2242 4721 -556 
2170 289 -406 -390 2409 1158 -2417 3416 475 2305 893 240 429 1824 4170 455 1444 1678 2516 5676 -1927 2993 2097 1228 56 1277 -9 -389 1579 2576 3683 -209 -1174 3214 540 3441 3323 900 2096 2474 1561 4842 382 2843 1708 3673 423 1287 -2788 3970 1774 3 86 2733 1694 3206 2065 2932 3359 1233 
5214 1755 410 -200 756 -1076 -209 1139 1223 572 -1299 3791 -99 1530 101 512 -38 3298 1038 2075 378 -399 1073 322 -1038 1906 -1751 3038 1266 -1018 1239 -910 2655 1242 493 -879 405 -541 -226 332 1545 1317 246 889 1127 2016 1965 2198 1367 3856 -207 -304 -1564 -164 -2137 27 241 1809 3998 1352 
617 -1660 -3864 -178 1106 1507 -25 1079 99 466 1941 -1127 -645 1411 3788 -300 1656 2358 1762 1417 -423 1632 -2214 -217 137 455 1823 -1489 938 3297 -733 2784 798 1685 -483 -1078 172 2834 -596 754 1172 -516 506 1674 2350 990 345 241 1505 477 1617 2031 2437 335 -627 -167 2295 3595 -295 330 
694 -127 665 1048 815 2192 681 699 -111 2577 501 -2039 2207 -219 3560 1829 2230 403 1363 1413 4930 1569 -531 1695 811 2641 3085 -435 278 1184 3951 4378 26 946 -1341 1151 2234 1906 1626 1065 1190 2481 412 802 3389 5635 451 1650 1912 -319 3880 1555 3373 552 2627 3035 3636 1457 4720 -61 
-16 227 -1792 3666 -1758 1319 150 604 1539 2275 4271 1850 2522 -2513 3243 1521 992 3624 3126 2541 632 1679 592 2907 926 3436 3081 -895 859 774 503 -549 1773 3622 -507 2078 -914 3803 293 2023 1347 2756 -338 170 2383 3592 1230 -492 858 -1417 1067 824 525 -2000 1416 2339 2390 796 1993 9 
-185 1355 445 216 1994 697 1780 258 -1400 288 179 562 317 1465 2951 752 490 1315 -850 2522 2332 2047 -371 -770 1941 2808 97 -1638 -24 -344 1420 1943 2348 1160 -1127 221 2093 528 2326 973 -851 2252 1398 -440 2894 3889 1708 4085 732 1052 2284 4738 926 18 -335 895 3107 2499 1462 3676 
1564 -469 -1729 1065 194 1606 -663 668 -2574 80 914 94 -131 767 -702 -265 644 851 -2890 253 1296 739 -575 -16 2348 -354 2877 2023 881 702 1415 2449 45 1099 1141 2455 721 949 2328 1059 1955 929 9 4557 1257 1449 -1474 1762 -646 1485 1181 1714 -238 -1195 1484 439 1427 1989 1845 861 
1114 1561 831 1477 4787 4569 2622 336 -606 -74 -194 1552 396 734 1989 2716 -918 4733 -1321 919 -668 2052 974 1321 3273 2991 1278 968 -1057 3059 1425 4987 1871 2633 1838 1982 3459 1756 2770 1101 1118 2724 1269 3285 1587 4177 1893 1643 3533 2329 2691 691 1558 470 1939 1965 2525 1911 2808 -98 
2363 841 31 -2568 -241 1712 -405 210 2358 1930 1601 130 -896 2436 1774 1204 2838 2113 -173 2737 2256 -532 1985 -534 -236 2715 -353 504 1951 1984 2329 2687 2542 2072 358 1306 -827 1226 1588 887 2380 2612 -1407 1462 3040 1840 566 935 3740 63 3650 724 2278 96 162 2183 753 2402 4085 1444 
1244 1713 -64 2122 1956 2299 -1369 1539 -1130 3340 3514 1704 -1334 -316 1703 2067 1818 892 -582 3481 -273 3737 3327 -1361 2809 2440 773 -2442 430 2091 539 717 -111 730 1153 3834 11 184 2744 790 2660 2588 504 -1130 3082 3693 2036 2369 590 2030 1960 1394 -415 1703 -400 3151 2144 1245 2945 807 
395 -509 -760 1463 -233 412 2284 2726 -792 -1450 859 -458 344 -2101 2173 1828 1430 1119 -2233 2069 2373 1674 -1045 2450 3031 1840 990 892 1272 3055 969 1580 -311 1205 891 2960 1103 4025 292 1995 762 -1409 2101 2234 994 3724 -399 1212 764 343 2070 998 2852 -134 923 -715 2974 3765 4095 -92 
1327 -2546 2196 1704 2936 2411 2611 -628 1149 -911 3254 -354 -590 1572 3170 2302 1157 1353 2379 457 1442 64 -362 -539 678 950 -951 -690 -872 4527 1951 2547 2650 3440 678 1530 -303 3106 1582 1393 507 4079 2120 2570 747 -673 757 2888 457 -483 3164 -178 52 992 2272 1331 -1340 -874 2483 -3604 
1995 3274 2379 -975 -36 -1029 -1473 4388 81 1520 28 3676 1540 2666 3944 -1109 1813 363 2021 3408 1010 4580 2460 1260 1127 3669 -911 2573 1447 703 2496 -814 -231 2955 -905 353 -172 2004 -663 778 1979 2460 1137 3427 1604 1934 827 1467 -1962 4661 -303 2352 629 3437 302 1596 2285 1970 3275 -1527 
-573 4468 -648 -2484 118 -9 -1084 5624 211 3529 -3442 2567 1828 622 2947 1001 2252 1140 291 2564 -985 4441 1334 2263 1624 1257 849 989 -812 -218 2575 412 -2311 -168 -847 1895 1468 -262 1382 513 -271 -1310 -715 345 1609 3147 -2301 -440 -2456 3252 2298 319 1467 1622 681 444 3394 2503 -83 1409 
2130 -1126 700 512 4968 1404 671 665 -1397 -1360 198 496 -3462 -705 3483 -205 -572 1348 -627 -124 620 -373 -1604 -133 600 -66 861 -2924 -2026 2001 -719 3386 2064 1414 2069 240 1723 858 1682 3297 -1642 3079 1035 -839 -1020 1228 988 -63 2854 214 3153 -1478 -992 -616 -227 1474 1126 2006 1386 -2719 
2190 -1622 -1301 -1374 1527 -1957 2693 2327 -1227 -500 945 2092 1245 1217 -955 587 -1 513 398 49 469 3218 20 -1783 551 839 114 2552 332 604 -296 2358 1052 139 1733 1223 1626 4013 -684 -192 1993 1145 46 1497 -68 1528 -572 2862 656 2428 3101 1036 683 661 721 1037 2839 1514 3905 -1812 
1716 -2009 -1951 -1275 1259 875 1864 970 -1176 -72 -63 2459 543 -1482 1283 994 -734 1375 -1987 4759 651 2664 1069 -1357 956 -1097 -72 -2122 -475 1787 2943 1059 -1312 296 -735 3346 3100 1513 -1939 -259 131 303 -545 -365 1691 5582 2488 2498 1131 1257 3095 -315 1237 324 -1061 -75 4391 810 4343 4470 
-192 -1670 763 -1057 77 2104 1548 -445 502 -982 281 -1803 -186 -971 565 -1473 801 2069 -1259 -3559 -491 -3885 -1365 711 1253 459 -637 -1649 -1660 901 -312 855 -1144 1019 330 -1418 -1356 -799 1280 -2073 -1586 -1633 -66 -429 -1382 -948 343 548 1197 -3551 -1933 -463 1143 -1871 -1151 -283 -342 -2452 -24 -1170 
1148 1061 -862 1144 1774 -987 -3300 461 431 688 2101 -1733 184 1663 360 795 3831 103 255 2267 805 905 -1074 -702 1500 3480 2025 -1352 493 1214 563 740 1837 -1532 1598 -329 682 2312 3470 2252 2116 2375 -328 1022 3983 2078 697 2217 -1252 3875 1131 3071 -290 226 -2186 2213 2926 3391 2883 1006 
200 733 -2248 848 -2089 1110 -815 859 -871 -158 310 709 -1647 1287 778 249 2152 1062 -1080 2301 1189 1196 2047 -973 1430 282 915 732 1946 -808 1059 573 1585 2990 -928 3172 289 3631 -970 2998 -400 1494 1023 3885 2546 189 -3425 -128 -1742 1179 190 2813 843 2347 763 -1679 70 1429 228 2955 
1642 -386 1078 -173 1378 338 -931 1100 -406 187 -610 215 -1690 624 1653 -190 1249 778 1139 2402 813 -712 109 -1656 -464 -26 1617 -1765 2401 538 -971 276 1292 652 738 55 1639 1714 -1537 2622 -895 2352 -592 -520 -130 -411 1986 914 1564 767 -5 55 654 2335 -1313 1080 -790 3018 338 -1667 
1311 161 107 1021 611 199 2036 2323 -368 -426 -1008 2132 253 -122 811 -1012 -253 2376 500 2478 751 2682 2492 -2063 1791 1618 973 540 69 -1432 1713 2857 3129 3675 2154 1429 2099 1675 35 709 1499 1885 -413 2452 3015 3870 2210 815 2848 2648 3808 3932 2978 -874 -885 1625 4713 2853 3853 2158 
2945 -3052 -487 -863 310 -1437 1996 1208 -1175 -1516 -513 1839 254 305 985 555 -803 174 -224 3035 -239 2112 -1049 -2847 -228 -844 -1052 1671 1875 708 -995 501 -1322 -1233 -1034 369 2626 2764 -2908 -1359 574 -1099 203 626 679 2055 1521 2372 2165 1977 434 761 1274 461 -2187 -2850 2625 996 2870 1872 
3097 1238 431 339 2556 -755 1349 1050 -1157 2475 4022 2110 2201 1024 4774 -214 714 3550 1004 128 1202 2831 246 769 936 2779 533 2049 2251 3556 549 3458 2888 3444 937 3447 252 2746 2165 1733 3019 2340 322 422 1981 2785 610 1303 2526 1957 2021 2804 969 713 598 2455 2049 3287 4506 -1371 
3712 -547 515 609 4006 -349 966 -1685 2079 -2963 3611 1890 -1074 3288 2260 3257 643 889 -2682 1209 -5 1783 1308 459 2197 -1318 -956 755 -1765 3030 2567 439 1998 1247 799 -404 -1137 3421 1958 1715 433 676 1542 4533 400 1360 -461 2584 447 1178 1801 -124 -1387 3201 540 -6 -3923 2308 1604 -660 
2692 -320 -1747 -1430 762 771 4744 2167 325 -510 2944 2147 2549 -125 546 1513 -20 5426 -663 2016 -1018 632 341 912 3074 4023 -1205 1820 1054 1592 1329 1687 1762 3840 -142 3539 1952 2031 1337 -2301 2468 2845 -825 3713 1216 5118 2412 4733 2884 2146 940 1159 1885 -2307 291 2832 2388 1658 5469 1853 
849 -1929 -981 136 2000 878 -316 327 -1763 2821 1688 -1723 934 -669 1358 186 -122 -579 1665 527 -155 589 413 -1023 -2531 -36 2715 -539 1484 3252 -1178 775 -935 799 118 2328 2591 193 -817 -21 1587 3157 1657 -225 1331 2567 -505 -28 2597 2730 1360 202 2282 1658 -656 492 1474 158 2869 16 
162 2402 -662 -669 -1478 958 -514 2956 852 4745 -314 1498 2452 -97 1813 622 1170 1413 2472 2300 -1620 3287 -86 375 395 2277 3249 2598 2238 30 686 69 2504 3411 -551 1593 -97 -1344 3212 718 2664 1809 73 495 2101 3924 2122 2045 2710 903 613 3979 3778 -834 734 2044 2113 2183 644 -533 
-969 2686 2508 1688 1028 -498 390 -1685 -2788 -1498 -677 1602 1908 672 -664 128 -1254 740 -140 1988 376 413 -263 -1518 1420 269 1293 70 321 713 543 -753 -267 -644 -1234 786 2303 94 -884 -275 -886 -2247 -872 -9 -449 256 3584 -1130 -2890 692 1859 1143 -565 -1611 1660 -85 2304 2021 711 366 
-265 1463 -160 869 742 1585 1456 592 -1713 435 -1492 2462 1958 1277 982 1772 371 3915 1917 1423 -2527 3334 -1369 656 3512 1738 901 3911 -344 307 -6 1352 1203 3290 8 1550 3037 2155 1428 782 366 1609 201 2271 1453 3340 36 1345 -630 4411 1913 2074 1033 -1719 137 405 3830 847 2723 791 
-257 408 1396 455 -1163 1342 2547 734 -263 545 857 1036 -1045 166 -1763 -2007 354 1863 118 -456 1979 1906 1686 831 2319 3084 -348 858 2651 76 261 -1432 544 -1227 2261 400 -601 1481 -2349 -568 187 785 -53 -3336 2666 1798 2551 1003 2300 697 271 -1075 486 276 199 2136 956 1637 3527 842 
1084 2075 180 1648 -2119 344 1103 1228 -242 134 -528 944 -577 -401 324 -11 38 1550 -359 -1173 -1692 -1431 238 -1866 338 1506 1255 -1747 1494 -2559 -1535 1254 1515 2580 -807 1566 488 -435 1295 109 908 -317 -302 1293 803 365 1039 688 2282 1306 -1657 3359 -248 -1074 -632 484 3641 3632 -2096 1227 
239 1647 3080 3374 2352 2979 4315 -1839 2046 -2399 -52 1793 -333 1716 1383 2898 70 2615 -32 2329 744 509 3528 802 1840 1860 83 413 -886 1950 2009 -1228 3295 2472 1097 1710 334 2037 -78 1793 -921 -1142 289 3998 2440 2239 5125 529 1011 4830 4267 1035 2301 1190 -631 -962 -463 2109 883 2105 
2709 506 343 -497 3565 1229 456 -127 -413 -711 168 2023 1048 252 2638 -185 230 3240 396 -882 191 -714 1818 -1096 -967 1050 1332 -197 722 -399 3562 4643 3108 1888 1432 3433 4320 1666 1882 4527 554 3195 -195 3244 277 1782 1207 1778 3167 3717 3708 1640 1569 793 -306 2977 2621 3345 2043 386 
381 -674 36 -1812 807 3524 -959 3328 -119 4707 560 -1130 -672 1117 -982 466 2789 547 -142 -998 2298 -1246 526 -277 -345 1935 5062 -425 2208 4334 -130 508 54 -414 2064 1694 -2148 -1099 2084 -60 3580 1463 686 -1016 2297 1081 806 3983 2537 2787 1632 1357 3257 429 66 3483 1836 2710 4495 -322 
-334 2540 45 927 -1234 -418 1156 1073 145 2896 2246 3 1720 1672 1858 -44 63 847 1007 1035 2189 3786 2064 2055 463 1976 513 3541 2610 580 1684 1456 626 1254 551 3823 32 1759 2034 2062 2738 1871 254 1208 1963 3624 -1027 -1418 1416 2296 2379 2601 1572 1957 1878 1110 2787 3609 1767 2831 
863 524 485 2852 980 1001 2488 -828 530 -2646 1411 1845 890 649 1620 -190 80 1979 1542 -102 236 2973 640 -270 3945 2768 -477 329 -1702 820 2693 1946 920 2364 -389 -631 -490 3878 -1408 -454 596 -1192 1196 1365 1864 3590 2121 187 498 1123 2224 1127 879 78 1247 1791 3720 737 3749 156 
-1555 -68 662 681 -653 1392 -1111 -9 -412 -347 -91 -1462 263 -185 768 -1613 887 -543 193 1803 292 -2 920 476 1442 2051 895 -934 597 420 1366 -806 -559 1002 1360 341 182 752 712 1180 306 -443 -443 -1475 1788 2680 643 502 -1120 -105 1302 2073 404 -1375 -69 1806 3683 722 1498 2231 
-967 -1532 -2072 2437 1944 1792 638 -184 -321 639 767 -1847 294 -51 -278 911 -2147 -716 1813 1712 -2276 1001 -274 1041 -416 -595 1431 -1405 -1631 868 -1918 1220 -629 440 1639 248 1047 2446 -828 2676 614 353 -960 -1118 -989 -806 174 -1644 -724 618 793 -234 -128 991 236 768 3128 389 -110 770 
1698 2087 -852 1996 1995 23 131 2393 -2586 426 1271 3755 419 560 1408 2324 2452 1045 -1743 3569 1312 4177 1395 -187 3762 3295 1948 1113 254 2151 -773 1962 1156 1035 -84 2945 1046 1428 649 2152 1506 1148 418 1549 2062 5786 2843 3055 1305 5978 3832 3843 3058 477 -2715 -23 3266 2938 3257 1748 
2901 -2559 -811 1429 444 1987 1463 -792 2088 54 1980 -649 -1775 638 1832 673 916 2654 -330 358 -482 -328 1491 -3032 1002 539 248 -2323 593 572 3620 3435 1941 4138 2364 3544 608 3264 3323 1327 1538 3357 465 3242 2422 3257 -721 2408 1652 140 2174 964 -413 1305 2589 2664 2402 1051 2207 1414 
732 690 76 -136 13 1137 426 2564 1835 -15 -1214 2664 -123 1447 2656 1747 1421 1993 -629 4020 1596 1169 1958 844 -650 2122 686 -833 134 -23 2172 1335 2292 2076 -1008 2004 2341 862 2165 2321 -677 3718 -465 4846 3410 3859 1241 1391 1103 2560 2405 3647 1387 418 -760 -1674 2345 2023 -1690 4074 
752 1950 3156 -646 -1170 1305 -518 105 -1105 279 2335 1814 1835 -1893 230 -115 1060 -437 -638 -431 36 -1259 152 730 -414 1429 394 -1624 1085 2545 984 -2497 -1285 -740 -1708 2614 983 -774 -119 -653 454 -1705 439 -1178 958 1658 4655 1545 -1257 161 769 -1244 -521 -870 -958 1081 1269 1002 1286 -1184 
540 1115 1637 1970 290 455 -1320 451 1196 1772 -978 461 -246 -1290 3371 2026 3620 2599 1848 1667 3245 813 -738 596 1859 3570 1758 -1146 2233 -254 228 620 2634 1521 433 1444 -930 990 2463 2592 2892 3168 1931 -120 3251 2001 1218 2050 3557 3880 1964 1472 2912 -1912 -1546 2490 -520 2637 4198 79 
3033 -2065 274 -30 962 1199 4262 -799 -408 1316 3497 1306 1818 881 2451 224 533 857 1084 983 972 1427 432 -584 -720 1805 -224 635 697 2393 1754 -1841 -385 -17 1169 2513 595 238 236 144 -176 -1642 -3653 2444 -402 1310 4297 1549 695 2780 1356 396 -770 881 -164 -208 1305 1215 1750 -646 
2636 -671 -2629 1104 2494 1247 2025 2010 -2103 2254 1001 -32 -717 222 2017 73 -686 1749 -899 1559 2172 980 -1034 -949 -244 528 1208 1382 709 2739 -45 4127 3428 2634 906 2211 1112 66 1489 470 2826 1543 1614 1281 1626 2856 852 2618 2547 1103 1588 3311 1267 250 906 -427 1820 2174 3240 853 
-624 862 -1898 2882 4913 1491 -1096 -133 -1468 2390 2882 578 1610 55 4833 1795 2117 519 -744 4746 1065 2148 1272 -1812 1389 1753 4961 16 -2076 2751 3176 1443 2705 -1391 1333 4001 1790 3963 3517 1074 3183 527 547 2703 1932 4887 4540 4859 606 3396 2406 5346 1443 1119 159 -164 4696 141 4089 -1323 
2111 -1005 2609 -1476 1792 2681 902 -780 1286 1269 871 756 2393 -1141 1644 608 -1821 681 107 -2525 -1936 369 1118 -384 -1314 1285 -640 1919 1808 3026 2398 1110 702 1647 1555 2134 291 -407 3281 -996 1962 -418 1625 1210 1835 2199 2970 3709 1784 132 445 186 482 1856 768 2297 -620 -1157 524 -630 
-824 3168 685 -271 -1417 -950 -421 897 -889 1212 614 214 -221 808 -220 -627 -796 2525 743 2046 -26 1374 435 2634 1730 1073 -1180 1633 2594 -746 -930 -2734 -1161 664 398 2693 -1495 318 1081 513 1886 870 603 -520 -441 -567 -794 -1949 -1032 836 -451 -1050 -711 -1591 650 705 -605 1471 1600 -146 
635 1347 521 2601 -526 3869 3230 2522 1695 886 867 2858 2760 1218 349 -1765 1385 2784 230 72 23 3614 837 -31 3452 2161 1481 665 -54 101 3950 2631 -671 703 -1318 2463 3005 2588 1363 -1565 1808 412 25 3784 1716 3772 2198 542 187 196 1370 608 2407 598 2998 1181 3308 129 2084 -380 
-599 1399 -1830 -842 -165 4081 1620 1814 605 2653 -522 -343 1496 353 -2811 -748 -366 2615 -611 2293 -492 609 451 -1696 212 1934 582 2034 1922 2328 2633 -831 -166 946 2114 -625 1368 -297 -39 -808 2966 -369 1113 1382 593 -173 886 1777 -328 770 -64 455 1554 378 3296 1780 1793 1321 3006 1559 
-896 487 618 -32 478 3394 -581 73 -808 2187 -1135 -1878 -1374 2961 835 -1327 -187 2322 1214 1148 950 203 -777 262 -608 2844 1279 825 2361 1177 680 -791 -104 1159 529 -2012 709 -1897 2274 1416 -657 2583 717 723 3264 1770 1786 -171 472 2424 651 3666 1573 -413 1001 595 1756 1362 -36 3244 
1719 2543 345 1380 2480 157 -213 1665 -32 3060 830 869 2432 789 -259 1214 -869 272 1934 3322 155 -142 1202 725 -1426 1674 3635 109 152 -839 1046 47 2098 3285 203 1860 1106 837 2571 763 591 2884 -3 2025 3560 3252 2592 1997 -582 1600 1079 2784 -654 631 881 1539 2975 1975 772 592 
3628 -352 282 1516 347 2326 553 1908 2805 -781 1146 4381 -100 1000 2517 -671 1581 2863 -606 1227 359 -92 2126 517 1725 1245 2803 -1380 1433 3535 884 2734 3941 6040 -215 1725 -3919 1579 -528 1118 2345 -581 -833 244 1581 1880 4351 2413 3427 -1405 1410 1537 2013 -1290 -308 1848 2186 3754 2564 -372 
380 631 2137 -707 2033 -97 -1653 -1016 371 911 505 350 -583 -271 1046 1322 1801 1603 -190 963 632 -1349 2744 945 -165 -465 1347 328 1742 3265 18 -993 2226 3482 2387 1500 224 477 -400 1919 531 2273 1741 -2416 3696 3639 -66 1114 1673 3672 2887 -553 1774 1120 -1492 2493 -1489 3520 3949 3305 
2326 -734 -556 888 870 1137 2007 -562 1953 -509 148 2365 2251 3924 1316 -3292 -1925 2786 2480 2165 -1707 2533 721 -350 -266 970 373 81 926 1246 869 3266 720 -1221 -1234 839 2221 793 -1247 187 1319 -120 -4801 968 -1431 775 3707 -3455 2500 -548 1197 -94 1379 -532 -18 -501 3272 858 -1134 1575 
855 -1711 -304 -2628 2815 18 1201 872 652 -1671 977 1197 330 -862 3250 1854 -256 1732 -442 3313 493 1398 179 885 555 298 -1613 -421 -516 2844 1132 735 1160 2321 -801 1188 477 2026 -703 -1467 -901 2196 1072 473 1737 2160 1400 3440 1033 -552 642 -1259 -190 -112 -1305 -176 1164 -479 3599 -93 
2040 -917 -79 2444 419 567 1129 -127 1205 1758 4468 381 922 314 399 166 65 1807 1559 504 970 3762 2255 -3047 -502 1707 1854 824 2576 756 2410 241 13 -975 3743 1540 1889 1958 1770 849 2914 -87 -348 2126 2117 3764 2108 491 1352 2003 678 1674 -488 3354 3348 2283 3259 3979 1821 151 
2734 1056 905 1385 -757 2400 -942 195 -637 499 4745 440 1040 2610 1301 -576 113 4161 1529 2084 952 2201 -216 3336 649 2128 -289 3526 3585 3535 980 -113 1025 2869 989 1470 1923 2706 1261 4746 2862 3347 124 4099 2273 1002 -34 -2818 -992 904 836 1290 -468 652 1939 1289 -1565 4126 2496 831 
1519 949 768 2102 -2415 -1532 625 1256 2840 2221 -596 3085 2091 -264 -185 -1367 371 817 -217 2302 1496 1384 -81 740 -381 460 872 1326 3433 777 -956 1369 1117 4027 -659 2262 -1192 230 446 -622 3146 1858 -679 -114 2269 2859 1316 -2730 3113 316 2409 -197 2464 -2608 230 -360 716 1789 1949 2056 
1083 441 -2948 1877 1050 -916 -236 2299 -1398 1875 -135 175 1443 -1107 2424 159 2016 2091 1613 1256 -1114 1325 -788 -883 1741 2129 3637 -1889 151 -658 -226 2168 63 1691 -1635 4377 2335 3466 2519 -358 2015 2450 569 2593 1017 3900 -1102 586 407 2578 347 2490 1426 -1274 -596 1067 5503 346 2751 -1035 
1010 2876 -641 1663 382 -309 998 354 496 837 2621 1033 2799 212 3591 3469 1185 3146 3384 2099 -2588 1922 179 433 1782 3488 214 -77 -891 1058 375 -1584 -1370 -1213 -3699 956 427 1994 1383 -3510 2471 -2767 886 2900 1416 3794 2344 1329 157 2225 -969 1785 433 -462 -984 -666 2800 40 -379 -625 
654 -758 264 967 2158 1818 2075 52 1051 75 460 1450 2245 2131 792 -686 386 1470 1948 58 2369 2890 -770 1120 1412 3632 -1811 -7 851 -357 4084 4672 1611 2599 1683 1467 2957 1014 1217 3699 -864 4111 -1650 -168 2782 3324 1398 2188 -650 3736 4228 1440 266 1450 1216 4516 3199 1991 4396 2494 
3388 137 -580 526 873 243 792 2330 173 -219 1622 1790 915 1071 298 279 416 2608 2627 5266 695 2632 1967 1136 925 3898 371 1165 3625 1890 118 -274 859 874 1091 -236 1842 1670 -2469 -222 959 515 -1663 -332 3398 4685 4320 2037 1480 1958 1604 -1 154 77 -2329 2072 4625 5113 4065 1703 
2781 -1074 -1441 -498 1705 2003 156 3503 -454 -1422 666 2992 -1007 -1415 2122 708 829 3294 -476 5331 -830 1018 61 409 781 -434 -1202 1005 1110 3063 -1083 752 1424 4085 -357 616 1986 1519 -2388 -236 1220 1179 2002 4140 1794 -142 3020 2433 911 1444 -200 -998 1817 -695 -2699 -2061 -343 2118 2707 268 
667 -1530 47 533 131 -1529 633 -1068 -54 -3106 -236 77 -2639 -1925 2253 639 -997 518 -3262 1717 -635 -881 797 -328 -1404 -3244 1267 -1373 670 1588 869 -2876 1111 1761 364 1285 -149 1288 -1240 2088 -2641 -1383 2235 -267 1335 2793 1841 728 1089 730 901 278 613 -525 -1011 -3358 1584 1945 -452 1363 
-157 1909 -608 -221 2384 -19 -270 1285 -146 129 658 2071 1564 1101 3794 -1366 -290 2530 -1366 1297 279 2633 490 2218 354 1329 1370 1453 -83 -839 1028 2293 2225 2111 -419 2730 1936 1916 3333 1832 2696 2184 2724 1244 854 3522 -522 2150 1566 1403 -468 3416 1085 -1241 1489 -662 4080 1145 2285 292 
617 1755 -583 700 -956 845 -1402 1596 -1866 1505 1790 1697 -247 -838 92 -1059 -1103 2493 715 619 -1928 3106 -1146 -242 1652 2925 -848 1771 2234 -1215 -771 -2287 -1542 -1424 1472 -192 1579 2247 1967 1087 1995 30 416 -312 1890 1419 938 -397 -1533 1819 -2315 1834 -3507 -91 617 2158 2957 2600 1168 2077 
2722 -79 -188 1252 2509 1010 356 3744 -2164 996 311 136 -162 -897 5370 -953 1495 5933 -2 3307 141 3865 723 1233 2772 2965 1360 917 3020 3300 1880 3734 710 1178 2003 5059 5790 4204 1958 3202 2892 3947 1495 1248 4211 7789 1478 726 3395 4911 2822 2539 4089 129 -1197 1639 5905 4257 6393 2253 
1681 -437 -2095 488 651 1899 12 2460 740 986 -534 918 -623 -1637 1258 1142 608 909 -3482 1892 1448 1870 922 49 847 329 2428 1661 3168 566 266 3558 1349 692 2265 1598 1488 4732 690 670 814 459 1324 2427 5032 3152 -598 1665 4232 -830 1578 1000 1288 2245 -979 -925 991 3915 1267 2264 
-442 691 930 -1310 -2113 1685 2036 1527 793 -962 1066 1149 1175 1030 244 -698 -852 2755 530 768 11 1268 2043 1500 1234 3377 100 -174 -260 -590 323 -1871 -120 123 1286 950 102 1048 -1378 1183 1561 245 -957 2632 -1873 -271 -379 -734 849 1111 -924 478 1413 27 1233 657 521 817 999 -203 
695 -1427 -329 971 -1365 -802 -1501 -735 1036 -974 433 1045 1468 2507 -1412 342 2116 547 65 600 -1480 929 -2291 1647 3682 2679 -285 1025 1480 1162 -483 495 70 1993 1426 -758 -1102 2925 1258 2080 926 1480 -4249 1182 1133 -211 -837 -248 -2610 2431 869 1484 -958 -2053 -821 3622 1044 1622 3460 777 
866 187 1000 72 1670 1683 326 821 556 164 1526 1594 2257 2023 3245 -843 1948 2172 1351 3581 1069 3142 2939 425 2462 2031 2544 -500 -2322 671 3707 46 680 -1159 -710 2017 1383 2940 1379 147 3103 658 -942 2919 676 3353 2821 951 541 691 2927 1974 3132 -1091 456 1121 2708 16 4272 570 
2520 1379 -380 1175 692 -911 2400 3023 -316 748 816 1583 1532 493 4401 -108 1105 2543 -21 3278 4243 3800 1705 1552 858 2615 -273 2877 3797 875 2034 3719 1268 1659 -1555 5379 4479 4703 28 -4 3118 3902 3468 4300 3344 6725 -1350 1295 3070 3649 2363 1153 2768 2563 317 -907 2636 3422 5070 2316 
2338 515 2822 750 1593 -38 -138 -1183 -1127 -169 1119 -176 630 2362 1323 1248 330 2039 1803 766 942 1059 39 428 2304 3123 1179 1012 769 1546 -398 3845 3471 2106 2165 691 2066 983 659 3228 900 2822 -514 -114 1023 3215 1077 1 2684 1854 3349 2153 3165 912 -374 3031 708 3688 5501 -709 
-78 365 -349 545 791 1849 2524 -249 -1110 -1058 768 -1355 -688 889 -33 -2000 387 2330 -1010 277 1140 487 513 -2883 2253 3636 -996 -1291 461 425 3504 2463 168 623 2214 -170 814 936 1846 -351 958 -407 -590 404 2189 2955 3750 2318 373 790 3143 3222 297 -1630 2171 3009 5932 2123 1429 2546 
2524 671 2347 -601 3064 2742 135 558 3621 965 510 1357 1843 -78 3961 594 1723 3637 1730 -1068 769 -1493 -768 459 -276 3893 1430 -1049 320 1238 4222 919 3984 2098 2718 -367 711 355 4570 1628 1984 1300 1060 1345 4020 3065 3147 4557 3021 2849 2506 1462 -4 -740 269 4763 200 4610 3562 809 
-1565 1346 -18 -1058 916 1348 -862 2190 477 3074 -466 1271 1435 -2089 2308 2259 121 -238 710 1356 -930 688 411 925 -1195 416 162 -177 -290 -393 -207 -426 -1449 -6 970 1720 1007 -1450 1215 1707 -432 -329 273 336 -214 -338 -804 737 905 2190 -883 629 834 2356 -1264 -582 -308 266 -1449 140 
3950 -1364 -528 2737 2216 -1897 600 -235 60 -2032 1487 1685 422 968 831 -1081 1402 -192 158 275 1434 777 839 -1778 1837 1546 784 107 151 373 1178 2917 2228 -253 -539 -608 -1234 1966 -1110 -935 1386 1087 -496 1408 -104 239 2344 2701 3017 909 418 1049 634 -735 -3073 852 2325 -8 4289 -2820 
1567 543 1752 264 1328 1910 -121 3157 -606 882 -2937 4317 89 220 1164 -457 152 -798 -1998 3219 2397 3976 -1430 713 -219 -776 -205 1168 1749 1156 990 2602 631 1609 -920 -166 3183 -1806 -446 2522 -1463 1364 1008 -1446 2922 2203 2674 1475 327 631 2616 479 1191 547 118 -1636 848 2317 1200 1193 
-386 -661 -2689 -2383 1911 2312 2194 -177 -2305 1038 -2602 -1970 -11 -1626 348 -649 -1999 -966 -3415 1323 -324 3721 826 515 175 -255 -1210 1236 -1105 559 3372 3313 -603 176 -86 1872 3755 -2142 2377 375 -291 874 175 1823 2102 5703 1652 698 1910 1852 3579 1578 3854 150 -878 -183 3855 -2327 -118 4366 
1760 -817 -1168 146 2288 475 2142 999 -565 -427 3075 -289 67 884 3252 700 227 4679 162 3825 2957 1430 -259 1696 1502 3983 -3746 190 2159 4901 143 3312 290 1932 -97 2165 1517 3963 1045 -480 1327 3946 521 1971 1338 2707 1327 620 -848 -719 2224 -513 -598 141 741 660 1243 543 2939 1829 
-1227 -16 -414 -1385 998 -505 1886 2289 -623 1154 -1396 673 -885 -432 345 -248 -1054 998 -1780 3948 1510 -589 -328 1268 -871 -766 363 -476 904 187 -2221 66 1198 1086 2514 2987 1345 2751 -1186 2326 451 1998 -867 -4243 -303 1836 2570 483 2700 738 2379 385 997 -640 -867 -727 2443 3307 3650 2333 
4252 374 -385 -4482 -448 891 391 2890 350 2051 470 1426 -1401 3921 515 -1330 1786 701 -1698 399 1156 1179 2185 -1383 163 985 -197 -958 2011 -279 1416 1865 181 1184 -592 700 -118 -2998 1732 -1272 725 -254 -2439 1306 1644 2934 1015 2659 2018 47 242 2506 1138 2600 -749 1780 935 4231 821 2140 
655 717 3085 767 479 2589 -233 -357 -315 2373 -445 366 3103 629 3267 116 589 947 2667 1383 2432 1357 -1111 549 225 1817 1675 1253 1622 533 2738 1077 2470 863 -1343 221 1992 32 1637 1692 919 3900 773 -487 1282 415 3396 2689 773 -395 2298 1293 1241 -473 413 2718 -306 1899 3581 816 
335 4073 73 -2288 -1342 2749 -2317 3500 -966 1724 -644 2045 1259 301 2384 2152 1959 1033 -210 5103 445 252 2244 526 18 4011 2858 457 1621 622 1127 211 3360 3520 -1593 3702 1392 130 983 4360 2480 2710 -599 3343 2454 2251 1853 2102 2041 3211 1962 5740 3238 -426 -1361 1337 2449 4457 1745 2883 
437 -1202 -46 1063 -2299 18 2835 1697 -2308 266 -2088 922 -879 -924 1718 -1545 1093 1818 -549 2467 4828 -999 -1991 528 1110 1110 1319 -612 1270 -1482 513 2478 1730 2188 -1777 3197 2838 726 -1799 609 -51 2131 -1153 -539 1476 4932 2247 632 2598 1155 2929 2164 3704 -3817 467 -482 3718 1234 5389 1769 
997 2953 1395 -408 -1144 3806 -972 4081 60 1761 1937 2191 -790 921 1904 793 4718 3978 -508 3785 2396 3482 3749 -1872 2948 2989 1452 -2531 -99 1912 2805 91 1658 5431 1076 2266 -377 -265 1134 3718 1876 3340 1817 3482 3767 1667 494 1599 -840 2896 2701 3608 3554 1611 709 1527 999 3659 2677 1739 
881 2023 583 937 3 3441 1095 -1316 -1029 -581 1767 1936 1812 220 497 -605 1165 3870 -594 1474 1246 4 2088 -581 1077 1625 -620 3714 1237 973 3148 2262 1828 3040 2002 3780 4784 953 857 2119 1672 -1427 -1181 4467 1871 3389 2669 -616 -1284 3523 3660 1281 956 -194 1789 551 2713 4018 3261 4648 
1708 -13 -1062 -854 1424 2201 -165 4732 67 1360 -407 1482 -59 2506 -889 -997 1129 1652 -1782 4699 1154 4155 2033 413 1951 168 3203 601 2379 1866 1593 1843 -26 2443 1466 2542 1996 -590 858 2873 2525 4542 730 3091 1637 2849 -468 1597 1996 4041 3317 1037 5005 540 -76 1646 2118 4426 4599 2310 
-1437 2263 992 2230 767 1207 -1447 -1406 917 3963 1603 -1572 342 3594 2886 1390 3649 -279 1224 389 1974 14 402 1288 1159 2288 3627 791 2220 1344 345 1056 1258 242 124 2129 -1434 476 2550 1864 1787 2330 50 -182 1278 1512 -196 823 3504 2959 363 3121 2816 2411 344 1287 -696 2536 2651 -1563 
2886 1861 -10 -485 -380 677 -174 2173 -126 2339 227 2156 -108 2458 178 -97 1111 1283 1340 164 1641 97 1542 2640 -1542 -330 1283 515 -1353 -269 509 1188 1670 4046 -2118 -511 126 -1904 523 1799 355 2929 564 3040 814 358 -1594 -1303 -722 2165 2587 428 1765 -355 -975 466 1458 1619 1614 692 
-372 -1049 -1912 -1422 216 1602 1579 1861 1191 3290 1512 -354 2009 702 742 123 859 2155 -664 562 2016 3003 989 -762 -2085 740 2256 2172 1369 2822 1567 2228 1657 -758 3030 2408 3366 2554 2031 749 4877 2276 1573 4015 1783 2817 -1566 509 2898 1777 2926 2313 3866 2215 2832 -480 396 1849 1966 619 
498 -151 -1138 654 623 526 -556 -626 -1710 -369 711 -1722 -2101 -969 2670 -961 -1228 -631 -415 3539 608 1468 -1597 586 -1521 -1661 -2095 1092 -77 1361 1555 -16 1082 3100 -1308 -407 899 523 1685 2535 522 2705 2129 3784 845 -581 2114 -1704 -1265 348 1658 1045 -87 -1511 -368 -1359 1528 -653 39 -148 
-833 987 -503 1183 -549 2744 1631 1016 262 1240 -1106 -403 -3493 844 2430 1899 1772 5500 491 2668 301 320 -311 1198 3108 1859 -1998 1267 1418 654 402 -791 1240 3966 1325 920 -901 -467 1853 -623 117 700 1113 241 4142 3859 3050 2217 105 3286 1478 1396 1018 -1341 1049 179 -540 2609 1491 4219 
-337 290 -1442 -1115 897 2382 -254 2283 1173 1792 159 -503 554 -1903 1766 976 6152 2807 -1457 1618 2901 -1150 448 -1921 1414 4097 2345 -2633 -634 2369 4018 2168 2889 -196 2095 982 1970 509 3061 1579 1350 711 -972 1651 3871 4257 2486 4407 2004 2711 3265 4292 4573 -883 -2144 2331 3623 1660 3618 1020 
27 335 861 -256 -622 774 2617 2477 1261 -362 558 -788 60 -1516 -840 1510 1687 1607 -1768 -480 599 1582 -1669 359 2601 350 971 574 400 911 631 1080 800 -266 1450 -514 962 569 2903 -1404 -11 -234 928 1399 2333 2933 2794 2287 1835 -1638 2379 -354 2448 -1082 668 746 -313 3349 -479 -1203 
2328 1308 -1237 702 -555 1243 848 1637 1163 1898 -852 4946 1309 55 1088 3887 2727 2667 -385 2879 388 986 1733 -2151 1579 872 669 879 1665 -591 1635 2537 1947 4282 -584 2406 1187 -158 -633 1762 -451 402 -845 2058 1501 2359 -35 3636 2119 3303 1373 2441 2441 2246 -1428 193 891 3269 2577 2825 
